%YAML:1.0
---
model_type: KANNALA_BRANDT
camera_name: camera
image_width: 848
image_height: 800

projection_parameters:
  k2: -0.00763674918562174
  k3: 0.0452654883265495
  k4: -0.0413621999323368
  k5: 0.00716337282210588
  mu: 285.291900634766
  mv: 285.305206298828
  u0: 422.613708496094
  v0: 409.346710205078
