%YAML:1.0
---
model_type: PINHOLE
camera_name: camera
image_width: 640
image_height: 360
distortion_parameters:
   k1: 0.0
   k2: 0.0
   p1: 0.0
   p2: 0.0
projection_parameters:
   fx: 263.8287048339844
   fy: 263.8287048339844
   cx: 323.8025817871094
   cy: 181.7019500732422
