%YAML:1.0
---
model_type: KANNALA_BRANDT
camera_name: camera
image_width: 848
image_height: 800

projection_parameters:
  k2: -0.00605676881968975
  k3: 0.0432162098586559
  k4: -0.0402932614088058
  k5: 0.00704547902569175
  mu: 286.385986328125
  mv: 286.547485351562
  u0: 420.456695556641
  v0: 407.817687988281
